40000 1574341170
40000 1574341171
40008 1574341172
8140 1574341172
40007 1574341173
40004 1574341174
40004 1574341175
40001 1574341176
40005 1574341177
40004 1574341178
40003 1574341179
40001 1574341180
40003 1574341181
40008 1574341182
40005 1574341183
40005 1574341184
40001 1574341185
40010 1574341186
40003 1574341187
40007 1574341188
40003 1574341189
40003 1574341190
40004 1574341191
40004 1574341192
40006 1574341193
40005 1574341194
40005 1574341195
40003 1574341196
40003 1574341197
40002 1574341198
40005 1574341199
40008 1574341200
40003 1574341201
40003 1574341202
40008 1574341203
40002 1574341204
40004 1574341205
40004 1574341206
40006 1574341207
40003 1574341208
40007 1574341209
40005 1574341210
40006 1574341211
40004 1574341212
40005 1574341213
40006 1574341214
40002 1574341215
40006 1574341216
200 1574341217
40004 1574341217
40010 1574341218
40008 1574341219
40000 1574341220
40005 1574341221
40005 1574341222
40004 1574341223
40006 1574341224
40008 1574341225
40004 1574341226
40007 1574341227
40004 1574341228
40001 1574341230
40005 1574341231
40002 1574341232
40004 1574341233
40005 1574341234
40004 1574341235
40004 1574341236
40003 1574341237
40000 1574341238
40002 1574341239
40000 1574341240
40003 1574341241
40000 1574341242
40007 1574341243
40002 1574341244
40004 1574341245
40004 1574341246
40002 1574341247
40007 1574341248
40004 1574341249
40004 1574341250
40002 1574341251
40004 1574341252
40005 1574341253
40006 1574341254
40004 1574341255
40002 1574341256
40003 1574341257
40009 1574341258
40001 1574341259
40008 1574341260
40003 1574341261
40002 1574341262
40003 1574341263
40002 1574341264
40002 1574341265
40004 1574341266
40003 1574341267
40003 1574341268
40005 1574341269
40004 1574341270
40007 1574341271
8260 1574341272
40006 1574341272
40006 1574341273
40003 1574341274
40005 1574341275
40004 1574341276
40003 1574341277
40007 1574341278
40005 1574341279
40006 1574341280
40004 1574341281
40003 1574341282
40006 1574341283
40001 1574341284
40003 1574341285
40006 1574341286
40002 1574341287
40004 1574341288
40004 1574341289
40004 1574341290
40005 1574341291
40003 1574341292
40005 1574341293
40006 1574341294
40006 1574341295
40006 1574341296
40005 1574341297
40007 1574341298
40004 1574341299
40005 1574341300
40007 1574341301
40003 1574341302
40009 1574341303
40003 1574341305
40006 1574341306
40005 1574341307
40002 1574341308
40005 1574341309
40002 1574341310
40006 1574341311
40003 1574341312
40003 1574341313
40003 1574341314
40006 1574341315
40004 1574341316
40001 1574341317
40005 1574341318
40003 1574341319
40004 1574341320
40005 1574341321
40001 1574341322
40002 1574341323
40003 1574341324
40004 1574341325
40006 1574341326
40005 1574341327
40003 1574341328
40003 1574341329
40006 1574341330
40004 1574341331
40003 1574341332
40004 1574341333
40005 1574341334
40004 1574341335
40004 1574341336
40005 1574341337
40002 1574341338
40001 1574341339
40006 1574341340
40011 1574341341
40009 1574341342
40004 1574341343
40005 1574341344
40004 1574341345
40004 1574341346
4180 1574341346
40007 1574341347
40001 1574341348
40005 1574341349
40001 1574341350
40003 1574341351
40004 1574341352
40004 1574341353
40005 1574341354
40001 1574341355
40007 1574341356
40008 1574341357
40006 1574341358
40006 1574341359
40005 1574341360
40007 1574341361
40003 1574341362
40001 1574341363
40005 1574341364
40004 1574341365
40004 1574341366
40006 1574341367
40005 1574341368
40005 1574341369
40001 1574341370
40005 1574341371
40004 1574341372
40006 1574341373
40003 1574341374
40003 1574341375
40003 1574341377
40002 1574341378
40004 1574341379
40008 1574341380
40003 1574341381
40002 1574341382
40006 1574341383
40004 1574341384
40004 1574341385
40006 1574341386
40002 1574341387
40005 1574341388
40010 1574341389
40013 1574341390
40004 1574341391
40004 1574341392
40004 1574341393
40003 1574341394
40004 1574341395
40003 1574341396
40004 1574341397
40002 1574341398
40004 1574341399
40005 1574341400
40003 1574341401
40003 1574341402
40004 1574341403
40005 1574341404
40001 1574341405
40003 1574341406
40005 1574341407
40005 1574341408
40002 1574341409
40007 1574341410
40007 1574341411
40005 1574341412
40001 1574341413
40009 1574341414
40007 1574341415
40006 1574341416
40004 1574341417
40004 1574341418
40007 1574341419
40004 1574341420
40006 1574341421
40003 1574341422
40005 1574341423
40005 1574341424
40004 1574341425
40004 1574341426
40001 1574341427
40001 1574341428
40006 1574341429
40004 1574341430
40003 1574341431
40005 1574341432
40004 1574341433
40009 1574341434
40003 1574341435
40006 1574341436
40005 1574341437
40005 1574341438
40011 1574341439
40004 1574341440
40005 1574341441
40006 1574341442
40002 1574341443
40004 1574341444
40005 1574341445
40002 1574341446
40004 1574341447
40006 1574341448
40010 1574341450
40001 1574341451
40005 1574341452
40005 1574341453
40005 1574341454
40006 1574341455
40002 1574341456
40005 1574341457
40007 1574341458
40006 1574341459
40003 1574341460
40004 1574341461
40002 1574341462
40008 1574341463
40006 1574341464
40002 1574341465
40007 1574341466
40006 1574341467
40004 1574341468
40002 1574341469
40005 1574341470
40004 1574341471
40001 1574341472
40004 1574341473
40004 1574341474
40001 1574341475
40004 1574341476
40004 1574341477
40001 1574341478
40004 1574341479
40011 1574341480
40005 1574341481
40007 1574341482
40008 1574341483
40005 1574341484
40005 1574341485
40008 1574341486
40007 1574341487
40004 1574341488
40003 1574341489
40000 1574341490
40008 1574341491
40007 1574341492
40004 1574341493
40006 1574341494
40004 1574341495
40005 1574341496
40002 1574341497
40006 1574341498
40006 1574341499
40005 1574341500
40002 1574341501
40003 1574341502
40001 1574341503
40001 1574341504
40001 1574341505
40004 1574341506
40003 1574341507
40002 1574341508
40003 1574341509
40006 1574341510
40003 1574341511
40002 1574341512
40006 1574341513
40002 1574341514
40004 1574341515
40002 1574341516
40004 1574341517
40005 1574341518
40007 1574341519
40008 1574341520
40003 1574341521
40006 1574341523
40001 1574341524
40003 1574341525
40003 1574341526
40007 1574341527
40001 1574341528
40003 1574341529
40010 1574341530
40007 1574341531
40003 1574341532
40003 1574341533
40006 1574341534
40003 1574341535
40006 1574341536
40006 1574341537
40002 1574341538
40002 1574341539
40005 1574341540
40006 1574341541
40009 1574341542
40005 1574341543
40007 1574341544
40006 1574341545
40001 1574341546
40001 1574341547
40004 1574341548
40005 1574341549
40003 1574341550
40003 1574341551
40003 1574341552
40007 1574341553
40002 1574341554
40004 1574341555
40006 1574341556
40004 1574341557
40007 1574341558
40004 1574341559
40006 1574341560
40009 1574341561
40006 1574341562
40012 1574341563
40004 1574341564
40004 1574341565
40005 1574341566
40004 1574341567
40004 1574341568
40005 1574341569
40002 1574341570
40003 1574341571
40002 1574341572
40003 1574341573
40002 1574341574
40008 1574341575
40004 1574341576
40005 1574341577
40005 1574341578
40005 1574341579
40001 1574341580
40002 1574341581
40005 1574341582
40005 1574341583
40006 1574341584
40001 1574341585
40008 1574341586
40004 1574341587
40004 1574341588
40004 1574341589
40002 1574341590
40005 1574341591
40005 1574341592
40005 1574341593
40005 1574341594
40005 1574341595
40005 1574341597
40006 1574341598
40003 1574341599
40001 1574341600
40001 1574341601
40002 1574341602
40006 1574341603
40003 1574341604
40005 1574341605
40008 1574341606
40008 1574341607
40004 1574341608
40002 1574341609
40003 1574341610
40004 1574341611
40006 1574341612
40003 1574341613
40007 1574341614
40005 1574341615
40005 1574341616
40002 1574341617
40003 1574341618
40002 1574341619
40002 1574341620
40004 1574341621
40007 1574341622
40005 1574341623
40004 1574341624
40004 1574341625
40002 1574341626
40004 1574341627
40002 1574341628
40002 1574341629
40005 1574341630
40002 1574341631
40004 1574341632
40004 1574341633
40004 1574341634
40004 1574341635
40003 1574341636
40002 1574341637
40006 1574341638
40007 1574341639
40002 1574341640
40001 1574341641
40005 1574341642
40005 1574341643
40005 1574341644
40001 1574341645
40004 1574341646
40005 1574341647
40007 1574341648
40008 1574341649
40004 1574341650
40005 1574341651
40004 1574341652
40007 1574341653
40002 1574341654
40000 1574341655
40003 1574341656
40001 1574341657
40004 1574341658
40001 1574341659
40004 1574341660
40004 1574341661
40003 1574341662
40003 1574341663
40003 1574341664
40004 1574341665
40003 1574341666
40007 1574341667
40008 1574341668
40006 1574341670
40006 1574341671
40008 1574341672
40004 1574341673
40007 1574341674
40006 1574341675
40010 1574341676
40003 1574341677
1920 1574341677
40008 1574341678
40002 1574341679
40006 1574341680
40002 1574341681
40005 1574341682
40005 1574341683
40002 1574341684
40002 1574341685
1980 1574341685
40005 1574341686
40006 1574341687
40006 1574341688
40004 1574341689
40009 1574341690
40003 1574341691
40005 1574341692
40006 1574341693
40006 1574341694
40004 1574341695
40002 1574341696
40001 1574341697
40003 1574341698
40002 1574341699
40005 1574341700
40003 1574341701
40001 1574341702
40004 1574341703
40002 1574341704
40004 1574341705
40006 1574341706
40005 1574341707
40002 1574341708
40006 1574341709
40002 1574341710
40004 1574341711
40004 1574341712
40004 1574341713
40009 1574341714
40007 1574341715
40007 1574341716
40007 1574341717
40002 1574341718
40003 1574341719
40003 1574341720
40001 1574341721
40009 1574341722
40006 1574341723
40006 1574341724
40008 1574341725
40005 1574341726
40008 1574341727
40002 1574341728
40000 1574341729
40007 1574341730
40005 1574341731
40005 1574341732
40003 1574341733
40008 1574341734
40007 1574341735
40008 1574341736
40007 1574341737
40001 1574341738
40004 1574341739
40004 1574341740
40008 1574341741
40004 1574341742
40004 1574341744
40006 1574341745
40002 1574341746
40000 1574341747
40008 1574341748
40006 1574341749
40003 1574341750
40009 1574341751
40003 1574341752
40004 1574341753
40006 1574341754
40005 1574341755
40006 1574341756
40003 1574341757
40006 1574341758
40004 1574341759
40004 1574341760
40003 1574341761
40007 1574341762
40005 1574341763
40006 1574341764
40010 1574341765
40008 1574341766
40004 1574341767
40005 1574341768
40007 1574341769
40002 1574341770
40000 1574341771
40004 1574341772
40005 1574341773
40004 1574341774
40007 1574341775
40005 1574341776
40004 1574341777
40007 1574341778
40002 1574341779
40002 1574341780
40001 1574341781
40003 1574341782
40003 1574341783
40000 1574341784
40005 1574341785
40008 1574341786
40001 1574341787
40004 1574341788
40005 1574341789
40005 1574341790
40006 1574341791
40003 1574341792
40005 1574341793
40005 1574341794
40006 1574341795
40004 1574341796
40008 1574341797
40001 1574341798
40005 1574341799
40002 1574341800
40007 1574341801
40005 1574341802
40005 1574341803
40004 1574341804
40005 1574341805
40001 1574341806
40003 1574341807
40004 1574341808
40003 1574341809
40003 1574341810
40004 1574341811
40005 1574341812
40004 1574341813
40004 1574341814
40003 1574341816
40003 1574341817
40004 1574341818
40001 1574341819
40003 1574341820
40007 1574341821
40002 1574341822
40004 1574341823
40002 1574341824
40003 1574341825
40003 1574341826
40006 1574341827
40005 1574341828
40004 1574341829
40004 1574341830
40004 1574341831
40003 1574341832
40002 1574341833
40006 1574341834
40007 1574341835
40003 1574341836
40004 1574341837
40004 1574341838
40007 1574341839
40006 1574341840
40005 1574341841
40007 1574341842
40001 1574341843
40005 1574341844
40005 1574341845
40004 1574341846
40009 1574341847
40009 1574341848
40005 1574341849
40003 1574341850
40004 1574341851
40003 1574341852
40001 1574341853
1700 1574341854
40008 1574341854
40003 1574341855
40008 1574341856
40003 1574341857
40002 1574341858
40008 1574341859
40004 1574341860
40006 1574341861
40000 1574341862
40005 1574341863
40008 1574341864
40002 1574341865
40003 1574341866
40006 1574341867
40007 1574341868
40005 1574341869
40003 1574341870
40002 1574341871
40003 1574341872
40004 1574341873
40006 1574341874
40006 1574341875
40003 1574341876
40005 1574341877
40001 1574341878
40005 1574341879
40005 1574341880
40009 1574341881
40003 1574341882
40007 1574341883
40006 1574341884
40002 1574341885
40005 1574341886
40006 1574341887
40003 1574341889
40007 1574341890
40002 1574341891
40005 1574341892
40003 1574341893
40004 1574341894
40007 1574341895
40003 1574341896
40002 1574341897
40006 1574341898
40005 1574341899
40001 1574341900
40003 1574341901
40004 1574341902
40001 1574341903
40004 1574341904
40003 1574341905
40003 1574341906
40003 1574341907
40002 1574341908
40005 1574341909
40004 1574341910
40006 1574341911
40008 1574341912
40002 1574341913
40006 1574341914
40003 1574341915
40004 1574341916
40000 1574341917
40005 1574341918
40003 1574341919
40009 1574341920
40007 1574341921
40004 1574341922
40002 1574341923
40004 1574341924
40005 1574341925
40003 1574341926
40005 1574341927
40002 1574341928
40005 1574341929
40003 1574341930
40003 1574341931
40004 1574341932
40005 1574341933
40003 1574341934
40004 1574341935
1960 1574341936
40006 1574341936
40002 1574341937
40005 1574341938
40007 1574341939
40005 1574341940
40004 1574341941
40001 1574341942
40006 1574341943
40006 1574341944
40005 1574341945
40005 1574341946
40007 1574341947
7180 1574341948
40009 1574341948
40006 1574341949
40006 1574341950
3500 1574341950
40008 1574341951
40001 1574341952
40002 1574341953
40005 1574341954
1560 1574341955
40007 1574341955
40003 1574341956
40003 1574341957
40008 1574341958
40002 1574341959
40008 1574341961
40003 1574341962
40002 1574341963
13400 1574341963
40006 1574341964
40007 1574341965
40004 1574341966
40003 1574341967
40004 1574341968
40003 1574341969
40005 1574341970
40004 1574341971
40007 1574341972
40005 1574341973
40004 1574341974
40006 1574341975
40003 1574341976
40006 1574341977
40001 1574341978
40004 1574341979
40004 1574341980
40005 1574341981
40005 1574341982
40006 1574341983
40004 1574341984
40007 1574341985
40006 1574341986
40004 1574341987
40007 1574341988
40005 1574341989
40008 1574341990
40005 1574341991
40006 1574341992
40002 1574341993
40003 1574341994
40004 1574341995
40004 1574341996
40001 1574341997
40004 1574341998
40006 1574341999
40003 1574342000
40005 1574342001
40003 1574342002
40004 1574342003
40004 1574342004
40007 1574342005
40007 1574342006
40005 1574342007
40003 1574342008
40002 1574342009
40004 1574342010
40005 1574342011
40005 1574342012
40004 1574342013
40003 1574342014
40005 1574342015
40002 1574342016
40003 1574342017
40006 1574342018
40002 1574342019
40005 1574342020
40007 1574342021
40003 1574342022
40003 1574342023
40005 1574342024
40004 1574342025
40005 1574342026
40009 1574342027
40004 1574342028
40003 1574342029
40004 1574342030
40002 1574342031
40003 1574342033
40003 1574342034
40007 1574342035
40003 1574342036
40008 1574342037
40002 1574342038
40008 1574342039
40006 1574342040
40003 1574342041
40001 1574342042
3400 1574342042
40009 1574342043
40006 1574342044
40005 1574342045
40007 1574342046
40006 1574342047
40004 1574342048
40006 1574342049
40003 1574342050
40008 1574342051
40003 1574342052
40008 1574342053
40006 1574342054
40002 1574342055
40005 1574342056
40001 1574342057
40006 1574342058
40002 1574342059
40004 1574342060
40002 1574342061
40005 1574342062
40002 1574342063
40007 1574342064
40007 1574342065
40007 1574342066
40007 1574342067
40002 1574342068
40005 1574342069
40004 1574342070
40005 1574342071
40007 1574342072
40006 1574342073
40004 1574342074
40006 1574342075
40002 1574342076
40003 1574342077
40003 1574342078
40003 1574342079
40003 1574342080
40005 1574342081
40007 1574342082
40004 1574342083
40004 1574342084
40004 1574342085
40002 1574342086
40003 1574342087
40003 1574342088
40004 1574342089
40004 1574342090
40005 1574342091
40003 1574342092
40002 1574342093
40002 1574342094
40002 1574342095
40006 1574342096
40004 1574342097
40004 1574342098
40010 1574342099
40006 1574342100
40005 1574342101
40002 1574342102
40003 1574342103
40005 1574342104
40001 1574342106
40003 1574342107
40004 1574342108
40005 1574342109
40007 1574342110
40006 1574342111
40005 1574342112
40004 1574342113
40004 1574342114
40004 1574342115
40001 1574342116
40004 1574342117
40007 1574342118
40001 1574342119
40004 1574342120
40001 1574342121
40002 1574342122
40008 1574342123
40004 1574342124
40008 1574342125
40006 1574342126
40005 1574342127
40004 1574342128
40006 1574342129
40005 1574342130
40007 1574342131
40008 1574342132
40007 1574342133
40004 1574342134
40004 1574342135
2620 1574342135
40006 1574342136
40000 1574342137
40005 1574342138
40002 1574342139
40008 1574342140
40004 1574342141
40003 1574342142
40003 1574342143
40008 1574342144
40005 1574342145
40005 1574342146
40004 1574342147
40005 1574342148
40002 1574342149
40007 1574342150
40007 1574342151
40004 1574342152
40004 1574342153
40005 1574342154
40006 1574342155
40007 1574342156
40003 1574342157
40004 1574342158
40004 1574342159
40002 1574342160
40005 1574342161
40006 1574342162
40003 1574342163
40002 1574342164
40007 1574342165
40006 1574342166
40003 1574342167
40002 1574342168
40003 1574342169
40003 1574342170
40006 1574342171
40004 1574342172
40004 1574342173
40005 1574342174
40004 1574342175
40002 1574342176
40003 1574342178
40008 1574342179
40004 1574342180
40005 1574342181
4620 1574342181
40005 1574342182
40006 1574342183
40005 1574342184
40006 1574342185
40005 1574342186
40002 1574342187
40009 1574342188
40004 1574342189
40005 1574342190
40007 1574342191
40008 1574342192
40007 1574342193
40003 1574342194
40005 1574342195
40003 1574342196
40002 1574342197
40004 1574342198
40003 1574342199
40005 1574342200
40002 1574342201
40002 1574342202
40005 1574342203
40003 1574342204
40004 1574342205
40007 1574342206
40003 1574342207
40003 1574342208
40007 1574342209
40001 1574342210
40004 1574342211
40005 1574342212
40006 1574342213
40004 1574342214
40005 1574342215
40004 1574342216
40000 1574342217
40006 1574342218
40005 1574342219
40004 1574342220
40003 1574342221
40005 1574342222
40005 1574342223
40008 1574342224
40007 1574342225
40005 1574342226
40002 1574342227
40008 1574342228
40001 1574342229
40003 1574342230
40004 1574342231
40006 1574342232
40004 1574342233
40003 1574342234
40007 1574342235
40004 1574342236
40005 1574342237
1580 1574342238
40004 1574342238
40006 1574342239
40003 1574342240
40008 1574342241
40006 1574342242
40005 1574342243
40003 1574342244
40004 1574342245
40005 1574342246
40004 1574342247
40005 1574342248
40008 1574342249
40006 1574342250
40006 1574342251
40003 1574342253
40004 1574342254
40003 1574342255
40008 1574342256
40002 1574342257
40004 1574342258
40004 1574342259
40003 1574342260
40010 1574342261
40000 1574342262
40005 1574342263
160 1574342264
40004 1574342264
40006 1574342265
40002 1574342266
40002 1574342267
40003 1574342268
40004 1574342269
40006 1574342270
40006 1574342271
40006 1574342272
40008 1574342273
40001 1574342274
40008 1574342275
40003 1574342276
40004 1574342277
2200 1574342277
40008 1574342278
40005 1574342279
40002 1574342280
40003 1574342281
40006 1574342282
40004 1574342283
40007 1574342284
40004 1574342285
40003 1574342286
40009 1574342287
40010 1574342288
40006 1574342289
40007 1574342290
40004 1574342291
40009 1574342292
5740 1574342292
40001 1574342293
40006 1574342294
40005 1574342295
40002 1574342296
40003 1574342297
40004 1574342298
40005 1574342299
40005 1574342300
40008 1574342301
40005 1574342302
40006 1574342303
40005 1574342304
40002 1574342305
40002 1574342306
40007 1574342307
40005 1574342308
40005 1574342309
40001 1574342310
40004 1574342311
40003 1574342312
40004 1574342313
40006 1574342314
40009 1574342315
40006 1574342316
40003 1574342317
40007 1574342318
40003 1574342319
40005 1574342320
40001 1574342321
40001 1574342322
40003 1574342323
40005 1574342324
40005 1574342325
40004 1574342326
40006 1574342328
40002 1574342329
40004 1574342330
40006 1574342331
40004 1574342332
40004 1574342333
40007 1574342334
40003 1574342335
40002 1574342336
40005 1574342337
40003 1574342338
40003 1574342339
40004 1574342340
40004 1574342341
40004 1574342342
40003 1574342343
40005 1574342344
40008 1574342345
40003 1574342346
40003 1574342347
40009 1574342348
40006 1574342349
40000 1574342350
40008 1574342351
40009 1574342352
40003 1574342353
40003 1574342354
40003 1574342355
40004 1574342356
40004 1574342357
40003 1574342358
40005 1574342359
40006 1574342360
40001 1574342361
40003 1574342362
40005 1574342363
40001 1574342364
40003 1574342365
40006 1574342366
40008 1574342367
40004 1574342368
40003 1574342369
40006 1574342370
40002 1574342371
40001 1574342372
40006 1574342373
40006 1574342374
7940 1574342375
40008 1574342375
40005 1574342376
40004 1574342377
40005 1574342378
40007 1574342379
40006 1574342380
40005 1574342381
40005 1574342382
40004 1574342383
40004 1574342384
40001 1574342385
40008 1574342386
40004 1574342387
40005 1574342388
40006 1574342389
40004 1574342390
40008 1574342391
40010 1574342392
40006 1574342393
40006 1574342394
40001 1574342395
40004 1574342396
40003 1574342397
40006 1574342398
40006 1574342400
40005 1574342401
40005 1574342402
40008 1574342403
40003 1574342404
40004 1574342405
40005 1574342406
40008 1574342407
40003 1574342408
40004 1574342409
40003 1574342410
40001 1574342411
40004 1574342412
40001 1574342413
40004 1574342414
40005 1574342415
40001 1574342416
40001 1574342417
40002 1574342418
40004 1574342419
40004 1574342420
40004 1574342421
40005 1574342422
40005 1574342423
40007 1574342424
40007 1574342425
40003 1574342426
40002 1574342427
40003 1574342428
40003 1574342429
40005 1574342430
40004 1574342431
40004 1574342432
40006 1574342433
40001 1574342434
40004 1574342435
40002 1574342436
40004 1574342437
40005 1574342438
40002 1574342439
40004 1574342440
40001 1574342441
40002 1574342442
40005 1574342443
40004 1574342444
40008 1574342445
40003 1574342446
40007 1574342447
40003 1574342448
40006 1574342449
40001 1574342450
40006 1574342451
40003 1574342452
40004 1574342453
40004 1574342454
560 1574342455
40004 1574342455
40003 1574342456
40003 1574342457
40003 1574342458
40006 1574342459
40002 1574342460
40004 1574342461
3960 1574342462
40007 1574342462
40002 1574342463
40007 1574342464
40000 1574342465
40005 1574342466
40004 1574342467
40008 1574342468
40004 1574342469
40005 1574342470
40004 1574342472
40009 1574342473
40007 1574342474
40002 1574342475
40001 1574342476
40004 1574342477
40006 1574342478
40005 1574342479
40002 1574342480
40005 1574342481
40005 1574342482
40005 1574342483
40006 1574342484
40005 1574342485
40001 1574342486
40002 1574342487
40010 1574342488
40003 1574342489
40003 1574342490
40003 1574342491
40007 1574342492
40006 1574342493
40005 1574342494
40001 1574342495
40010 1574342496
40005 1574342497
40007 1574342498
40005 1574342499
40003 1574342500
40004 1574342501
40000 1574342502
40004 1574342503
40006 1574342504
40004 1574342505
40006 1574342506
40010 1574342507
40002 1574342508
40005 1574342509
40003 1574342510
40004 1574342511
40005 1574342512
40007 1574342513
40004 1574342514
40012 1574342515
40002 1574342516
40005 1574342517
40002 1574342518
40004 1574342519
40005 1574342520
40006 1574342521
40005 1574342522
40006 1574342523
40004 1574342524
40001 1574342525
40004 1574342526
40005 1574342527
40005 1574342528
40005 1574342529
40003 1574342530
40002 1574342531
40001 1574342532
40002 1574342533
40004 1574342534
40003 1574342535
40004 1574342536
40003 1574342537
40003 1574342538
40004 1574342539
40007 1574342540
40007 1574342541
40003 1574342542
40004 1574342543
40001 1574342545
40007 1574342546
40009 1574342547
40002 1574342548
40002 1574342549
40005 1574342550
1180 1574342550
40009 1574342551
40005 1574342552
40004 1574342553
40003 1574342554
40003 1574342555
40003 1574342556
40008 1574342557
40006 1574342558
40005 1574342559
40004 1574342560
40003 1574342561
40005 1574342562
40003 1574342563
40004 1574342564
40006 1574342565
40005 1574342566
40006 1574342567
40007 1574342568
40002 1574342569
40005 1574342570
40007 1574342571
40003 1574342572
40000 1574342573
40007 1574342574
40004 1574342575
40001 1574342576
40004 1574342577
40005 1574342578
40004 1574342579
40005 1574342580
40000 1574342581
40008 1574342582
40001 1574342583
40002 1574342584
40002 1574342585
40003 1574342586
40005 1574342587
40005 1574342588
40003 1574342589
40002 1574342590
40003 1574342591
40003 1574342592
40005 1574342593
40008 1574342594
40002 1574342595
40005 1574342596
40005 1574342597
40008 1574342598
40005 1574342599
40005 1574342600
40003 1574342601
40008 1574342602
40005 1574342603
40003 1574342604
40004 1574342605
40007 1574342606
40009 1574342607
40003 1574342608
40001 1574342609
40008 1574342610
40003 1574342611
40005 1574342612
40001 1574342613
40006 1574342614
40004 1574342615
40005 1574342617
40003 1574342618
40004 1574342619
40005 1574342620
40003 1574342621
40005 1574342622
40004 1574342623
40002 1574342624
40005 1574342625
1020 1574342626
40005 1574342626
40003 1574342627
40003 1574342628
40003 1574342629
40002 1574342630
40008 1574342631
40005 1574342632
40001 1574342633
40005 1574342634
40004 1574342635
40003 1574342636
40002 1574342637
40008 1574342638
40003 1574342639
40005 1574342640
40004 1574342641
40005 1574342642
40002 1574342643
40005 1574342644
40003 1574342645
40005 1574342646
40005 1574342647
40004 1574342648
40002 1574342649
40006 1574342650
40002 1574342651
40005 1574342652
40005 1574342653
40002 1574342654
40001 1574342655
40006 1574342656
40005 1574342657
40006 1574342658
40004 1574342659
40001 1574342660
40002 1574342661
40001 1574342662
40002 1574342663
40003 1574342664
40002 1574342665
40007 1574342666
40007 1574342667
40001 1574342668
40005 1574342669
40000 1574342670
40005 1574342671
40004 1574342672
40004 1574342673
40003 1574342674
40003 1574342675
40002 1574342676
40004 1574342677
40002 1574342678
40009 1574342679
40004 1574342680
40004 1574342681
40003 1574342682
460 1574342683
40011 1574342683
40005 1574342684
40004 1574342685
40002 1574342686
40004 1574342687
40006 1574342688
40006 1574342690
40007 1574342691
40003 1574342692
40002 1574342693
40001 1574342694
40004 1574342695
40004 1574342696
40005 1574342697
800 1574342697
40004 1574342698
40003 1574342699
40003 1574342700
40003 1574342701
40004 1574342702
40006 1574342703
40006 1574342704
40009 1574342705
40003 1574342706
40007 1574342707
40005 1574342708
40007 1574342709
40009 1574342710
40003 1574342711
40003 1574342712
40004 1574342713
40003 1574342714
9200 1574342714
40008 1574342715
40007 1574342716
40004 1574342717
40006 1574342718
40007 1574342719
40006 1574342720
40002 1574342721
40005 1574342722
40003 1574342723
40003 1574342724
40001 1574342725
40008 1574342726
40002 1574342727
40002 1574342728
40005 1574342729
40002 1574342730
40004 1574342731
40002 1574342732
40003 1574342733
40003 1574342734
40005 1574342735
40005 1574342736
40004 1574342737
40003 1574342738
40004 1574342739
40006 1574342740
40011 1574342741
40004 1574342742
40003 1574342743
40003 1574342744
40002 1574342745
40006 1574342746
40005 1574342747
40003 1574342748
40004 1574342749
40002 1574342750
40008 1574342751
40006 1574342752
40002 1574342753
40006 1574342754
40005 1574342755
40002 1574342756
40006 1574342757
40002 1574342758
40003 1574342759
40008 1574342760
40006 1574342761
40006 1574342763
40006 1574342764
40004 1574342765
40000 1574342766
40002 1574342767
40004 1574342768
40004 1574342769
40005 1574342770
40002 1574342771
40002 1574342772
40005 1574342773
40001 1574342774
40005 1574342775
40006 1574342776
40004 1574342777
40004 1574342778
40004 1574342779
40002 1574342780
40005 1574342781
40004 1574342782
40002 1574342783
40002 1574342784
40004 1574342785
40003 1574342786
40003 1574342787
40005 1574342788
40007 1574342789
40004 1574342790
40003 1574342791
40007 1574342792
40006 1574342793
40006 1574342794
40002 1574342795
40004 1574342796
40004 1574342797
40002 1574342798
40004 1574342799
40005 1574342800
40002 1574342801
40001 1574342802
40005 1574342803
40005 1574342804
40008 1574342805
40005 1574342806
40007 1574342807
40006 1574342808
40002 1574342809
40002 1574342810
40002 1574342811
40001 1574342812
40008 1574342813
40006 1574342814
40005 1574342815
40003 1574342816
40003 1574342817
40003 1574342818
40005 1574342819
40002 1574342820
40003 1574342821
40006 1574342822
40005 1574342823
40004 1574342824
40004 1574342825
40005 1574342826
40002 1574342827
160 1574342827
40004 1574342828
40003 1574342829
40004 1574342830
40008 1574342831
40001 1574342832
40003 1574342833
40004 1574342834
40001 1574342836
40007 1574342837
40002 1574342838
40006 1574342839
40006 1574342840
40005 1574342841
40006 1574342842
40003 1574342843
40004 1574342844
40005 1574342845
40002 1574342846
40005 1574342847
40006 1574342848
40007 1574342849
40002 1574342850
40006 1574342851
40002 1574342852
40005 1574342853
40004 1574342854
40004 1574342855
40007 1574342856
40004 1574342857
40003 1574342858
40001 1574342859
40004 1574342860
40003 1574342861
40005 1574342862
40003 1574342863
40003 1574342864
40001 1574342865
40002 1574342866
40006 1574342867
40004 1574342868
40005 1574342869
40006 1574342870
40007 1574342871
40001 1574342872
40005 1574342873
40005 1574342874
40005 1574342875
40005 1574342876
40003 1574342877
40008 1574342878
40003 1574342879
40005 1574342880
40005 1574342881
40005 1574342882
40008 1574342883
40003 1574342884
40000 1574342885
40006 1574342886
40002 1574342887
40004 1574342888
40004 1574342889
40006 1574342890
40004 1574342891
40006 1574342892
40003 1574342893
40005 1574342894
40004 1574342895
40008 1574342896
40002 1574342897
40004 1574342898
40003 1574342899
40005 1574342900
40006 1574342901
40002 1574342902
40006 1574342903
40003 1574342904
40005 1574342905
40006 1574342906
40003 1574342908
40003 1574342909
40006 1574342910
40001 1574342911
40003 1574342912
40006 1574342913
40005 1574342914
40001 1574342915
40003 1574342916
40013 1574342917
40004 1574342918
40007 1574342919
40003 1574342920
40007 1574342921
40003 1574342922
40003 1574342923
40003 1574342924
40005 1574342925
40004 1574342926
40003 1574342927
40005 1574342928
40006 1574342929
40006 1574342930
40005 1574342931
40004 1574342932
40002 1574342933
40003 1574342934
40004 1574342935
40004 1574342936
40006 1574342937
40003 1574342938
40005 1574342939
40005 1574342940
40004 1574342941
40003 1574342942
40005 1574342943
40001 1574342944
40006 1574342945
40007 1574342946
40004 1574342947
40003 1574342948
40005 1574342949
40004 1574342950
40002 1574342951
40007 1574342952
40006 1574342953
40006 1574342954
40006 1574342955
40003 1574342956
40006 1574342957
40004 1574342958
40005 1574342959
40004 1574342960
40002 1574342961
40005 1574342962
40005 1574342963
40003 1574342964
40005 1574342965
40002 1574342966
40005 1574342967
40005 1574342968
40004 1574342969
40005 1574342970
40003 1574342971
40007 1574342972
40007 1574342973
40006 1574342974
40004 1574342975
40006 1574342976
40003 1574342977
40003 1574342978
40004 1574342980
40002 1574342981
40006 1574342982
40007 1574342983
40003 1574342984
40002 1574342985
40003 1574342986
40004 1574342987
40003 1574342988
40006 1574342989
40006 1574342990
40005 1574342991
40003 1574342992
40011 1574342993
40000 1574342994
40003 1574342995
40004 1574342996
40003 1574342997
40006 1574342998
40004 1574342999
40003 1574343000
40006 1574343001
40007 1574343002
40001 1574343003
40002 1574343004
40009 1574343005
40002 1574343006
40004 1574343007
40008 1574343008
40004 1574343009
40002 1574343010
40006 1574343011
40004 1574343012
40006 1574343013
40004 1574343014
40001 1574343015
40004 1574343016
40005 1574343017
40009 1574343018
40004 1574343019
40002 1574343020
40007 1574343021
40005 1574343022
40002 1574343023
40008 1574343024
460 1574343024
40004 1574343025
40003 1574343026
40002 1574343027
40003 1574343028
40003 1574343029
2480 1574343030
40005 1574343030
40005 1574343031
40001 1574343032
1460 1574343033
40007 1574343033
40002 1574343034
40004 1574343035
40003 1574343036
40007 1574343037
40007 1574343038
40001 1574343039
40004 1574343040
40002 1574343041
40003 1574343042
40005 1574343043
40005 1574343044
40001 1574343045
40004 1574343046
40003 1574343047
40004 1574343048
40003 1574343049
40006 1574343050
40007 1574343051
40005 1574343052
40002 1574343054
40004 1574343055
40001 1574343056
40006 1574343057
40005 1574343058
40003 1574343059
40005 1574343060
40005 1574343061
40005 1574343062
40004 1574343063
40004 1574343064
40003 1574343065
40010 1574343066
40007 1574343067
40003 1574343068
40004 1574343069
40007 1574343070
40004 1574343071
40003 1574343072
40004 1574343073
40001 1574343074
40004 1574343075
40005 1574343076
40003 1574343077
40008 1574343078
40006 1574343079
40005 1574343080
40007 1574343081
40003 1574343082
40005 1574343083
40004 1574343084
40005 1574343085
40004 1574343086
40003 1574343087
40004 1574343088
40005 1574343089
40004 1574343090
40004 1574343091
40009 1574343092
40002 1574343093
40002 1574343094
40002 1574343095
40007 1574343096
40005 1574343097
40006 1574343098
40001 1574343099
40006 1574343100
40006 1574343101
40005 1574343102
40005 1574343103
40000 1574343104
40005 1574343105
1400 1574343106
40004 1574343106
40005 1574343107
40005 1574343108
40007 1574343109
40004 1574343110
40005 1574343111
40003 1574343112
40003 1574343113
40004 1574343114
40006 1574343115
40009 1574343116
40004 1574343117
40005 1574343118
40006 1574343119
40002 1574343120
40003 1574343121
40005 1574343122
40005 1574343123
40002 1574343124
40004 1574343125
40005 1574343126
40007 1574343128
40005 1574343129
40007 1574343130
40001 1574343131
40009 1574343132
40002 1574343133
40005 1574343134
40002 1574343135
40006 1574343136
40004 1574343137
40003 1574343138
40004 1574343139
40007 1574343140
40003 1574343141
40005 1574343142
40008 1574343143
40004 1574343144
40002 1574343145
40004 1574343146
40003 1574343147
40003 1574343148
40008 1574343149
40005 1574343150
40007 1574343151
40004 1574343152
40003 1574343153
40007 1574343154
5380 1574343155
40005 1574343155
40005 1574343156
40008 1574343157
40006 1574343158
40006 1574343159
40003 1574343160
40003 1574343161
40004 1574343162
40003 1574343163
40002 1574343164
40004 1574343165
40003 1574343166
40004 1574343167
40006 1574343168
40001 1574343169
40006 1574343170
40003 1574343171
40005 1574343172
40004 1574343173
40005 1574343174
40004 1574343175
40003 1574343176
40004 1574343177
40002 1574343178
560 1574343179
40004 1574343179
40005 1574343180
40004 1574343181
40005 1574343182
40005 1574343183
40005 1574343184
40005 1574343185
40004 1574343186
40005 1574343187
40003 1574343188
40002 1574343189
40003 1574343190
40001 1574343191
40004 1574343192
40006 1574343193
40006 1574343194
40003 1574343195
40006 1574343196
40004 1574343197
40006 1574343198
40007 1574343200
40006 1574343201
40001 1574343202
40004 1574343203
40004 1574343204
40003 1574343205
40007 1574343206
40002 1574343207
40005 1574343208
40002 1574343209
40006 1574343210
40008 1574343211
40004 1574343212
40001 1574343213
40005 1574343214
40003 1574343215
40004 1574343216
40006 1574343217
2120 1574343217
40007 1574343218
40003 1574343219
40005 1574343220
40003 1574343221
4780 1574343221
40007 1574343222
40002 1574343223
40007 1574343224
40004 1574343225
40004 1574343226
40002 1574343227
40005 1574343228
40006 1574343229
40006 1574343230
40002 1574343231
13860 1574343232
40007 1574343232
40003 1574343233
40003 1574343234
40006 1574343235
40002 1574343236
40002 1574343237
40007 1574343238
40003 1574343239
40002 1574343240
40004 1574343241
40001 1574343242
40006 1574343243
40002 1574343244
40006 1574343245
40011 1574343246
40008 1574343247
40005 1574343248
40004 1574343249
40005 1574343250
40004 1574343251
40003 1574343252
40003 1574343253
40003 1574343254
40006 1574343255
40003 1574343256
40005 1574343257
40005 1574343258
40005 1574343259
40007 1574343260
40005 1574343261
40004 1574343262
40003 1574343263
40005 1574343264
40004 1574343265
40002 1574343266
40002 1574343267
40009 1574343268
40004 1574343269
40006 1574343270
40001 1574343272
40001 1574343273
40003 1574343274
40007 1574343275
40001 1574343276
40008 1574343277
40000 1574343278
40008 1574343279
40003 1574343280
40007 1574343281
40006 1574343282
40005 1574343283
40007 1574343284
40006 1574343285
40002 1574343286
40002 1574343287
40003 1574343288
40004 1574343289
40002 1574343290
40002 1574343291
40005 1574343292
40001 1574343293
40004 1574343294
40003 1574343295
40002 1574343296
40003 1574343297
40002 1574343298
40008 1574343299
40005 1574343300
40006 1574343301
360 1574343302
40006 1574343302
40008 1574343303
40002 1574343304
40007 1574343305
40002 1574343306
40005 1574343307
40001 1574343308
40002 1574343309
40001 1574343310
40003 1574343311
40004 1574343312
40005 1574343313
40004 1574343314
40002 1574343315
40003 1574343316
40004 1574343317
40007 1574343318
40003 1574343319
40007 1574343320
40003 1574343321
40004 1574343322
40004 1574343323
40004 1574343324
40006 1574343325
40002 1574343326
40005 1574343327
40005 1574343328
40004 1574343329
40002 1574343330
40000 1574343331
40002 1574343332
40001 1574343333
40003 1574343334
40006 1574343335
40006 1574343336
40003 1574343337
40006 1574343338
40003 1574343339
40008 1574343340
40003 1574343341
40004 1574343342
2480 1574343343
40006 1574343343
40005 1574343345
40004 1574343346
40004 1574343347
40004 1574343348
40004 1574343349
40002 1574343350
40006 1574343351
40004 1574343352
40001 1574343353
40008 1574343354
40004 1574343355
40006 1574343356
40003 1574343357
40002 1574343358
40004 1574343359
40006 1574343360
40005 1574343361
40003 1574343362
40006 1574343363
40003 1574343364
40004 1574343365
40008 1574343366
40003 1574343367
40005 1574343368
40009 1574343369
40005 1574343370
40003 1574343371
40004 1574343372
40005 1574343373
40008 1574343374
40009 1574343375
40004 1574343376
40005 1574343377
40003 1574343378
40002 1574343379
40006 1574343380
40008 1574343381
40004 1574343382
40004 1574343383
40006 1574343384
40005 1574343385
40004 1574343386
40005 1574343387
40003 1574343388
40001 1574343389
40004 1574343390
40000 1574343391
40001 1574343392
40000 1574343393
40004 1574343394
40002 1574343395
40002 1574343396
40004 1574343397
40008 1574343398
40001 1574343399
40011 1574343400
40006 1574343401
40008 1574343402
40012 1574343403
40004 1574343404
40004 1574343405
40003 1574343406
40010 1574343407
40004 1574343408
40009 1574343409
40007 1574343410
40006 1574343411
40006 1574343412
40009 1574343413
40002 1574343414
40006 1574343415
40004 1574343417
40006 1574343418
40004 1574343419
40004 1574343420
40005 1574343421
40003 1574343422
40008 1574343423
40007 1574343424
40004 1574343425
40002 1574343426
40005 1574343427
40008 1574343428
40004 1574343429
40007 1574343430
40004 1574343431
40005 1574343432
40003 1574343433
40001 1574343434
40002 1574343435
40005 1574343436
40005 1574343437
40002 1574343438
40003 1574343439
40005 1574343440
4880 1574343440
40009 1574343441
40008 1574343442
40005 1574343443
40006 1574343444
40002 1574343445
40003 1574343446
40000 1574343447
40003 1574343448
40007 1574343449
40007 1574343450
40004 1574343451
40007 1574343452
40005 1574343453
40004 1574343454
40004 1574343455
40003 1574343456
40006 1574343457
40005 1574343458
40004 1574343459
40006 1574343460
40004 1574343461
40003 1574343462
40002 1574343463
40004 1574343464
40007 1574343465
40002 1574343466
40007 1574343467
40003 1574343468
40009 1574343469
40003 1574343470
40006 1574343471
40004 1574343472
40004 1574343473
40003 1574343474
40006 1574343475
40006 1574343476
40001 1574343477
40004 1574343478
40002 1574343479
40003 1574343480
40005 1574343481
40001 1574343482
40005 1574343483
40006 1574343484
40001 1574343485
40005 1574343486
40006 1574343487
40005 1574343488
40005 1574343490
40004 1574343491
40007 1574343492
40004 1574343493
40003 1574343494
40004 1574343495
40002 1574343496
40006 1574343497
40009 1574343498
40004 1574343499
40002 1574343500
40002 1574343501
40003 1574343502
40005 1574343503
40004 1574343504
40009 1574343505
40003 1574343506
40008 1574343507
40003 1574343508
40007 1574343509
40007 1574343510
40007 1574343511
40006 1574343512
40002 1574343513
40006 1574343514
40003 1574343515
40006 1574343516
40009 1574343517
40003 1574343518
40005 1574343519
40003 1574343520
40003 1574343521
40011 1574343522
40004 1574343523
40007 1574343524
40007 1574343525
40004 1574343526
40001 1574343527
40005 1574343528
40005 1574343529
40006 1574343530
40003 1574343531
40004 1574343532
40004 1574343533
40006 1574343534
40002 1574343535
40005 1574343536
40007 1574343537
40005 1574343538
40010 1574343539
40005 1574343540
40003 1574343541
40004 1574343542
40005 1574343543
40004 1574343544
40005 1574343545
40006 1574343546
40004 1574343547
40005 1574343548
40001 1574343549
40005 1574343550
40001 1574343551
40004 1574343552
40007 1574343553
40004 1574343554
40001 1574343555
40001 1574343556
40004 1574343557
40002 1574343558
40004 1574343559
40006 1574343560
40001 1574343562
40006 1574343563
40004 1574343564
40002 1574343565
40003 1574343566
40004 1574343567
40006 1574343568
40006 1574343569
40008 1574343570
40001 1574343571
40003 1574343572
40004 1574343573
40002 1574343574
40007 1574343575
40004 1574343576
40004 1574343577
40005 1574343578
40004 1574343579
40003 1574343580
40002 1574343581
40006 1574343582
40005 1574343583
40002 1574343584
40001 1574343585
40006 1574343586
40002 1574343587
40004 1574343588
40004 1574343589
40003 1574343590
40005 1574343591
40005 1574343592
40006 1574343593
40010 1574343594
40007 1574343595
40003 1574343596
40005 1574343597
40001 1574343598
40004 1574343599
40007 1574343600
40002 1574343601
40002 1574343602
40003 1574343603
40005 1574343604
40005 1574343605
40005 1574343606
40003 1574343607
40007 1574343608
40006 1574343609
40004 1574343610
40004 1574343611
40001 1574343612
40005 1574343613
40006 1574343614
40002 1574343615
9120 1574343615
40005 1574343616
40006 1574343617
40007 1574343618
40003 1574343619
40003 1574343620
40004 1574343621
40005 1574343622
40006 1574343623
40003 1574343624
40007 1574343625
40004 1574343626
5040 1574343627
40002 1574343627
40002 1574343628
40003 1574343629
40004 1574343630
40003 1574343631
40002 1574343632
40004 1574343634
40001 1574343635
40005 1574343636
40009 1574343637
40001 1574343638
40001 1574343639
40004 1574343640
40003 1574343641
2180 1574343642
40010 1574343642
40001 1574343643
40002 1574343644
40001 1574343645
40004 1574343646
40006 1574343647
40010 1574343648
40003 1574343649
40003 1574343650
40003 1574343651
40003 1574343652
40004 1574343653
40005 1574343654
40006 1574343655
40005 1574343656
40004 1574343657
40001 1574343658
40003 1574343659
40002 1574343660
40002 1574343661
40005 1574343662
40008 1574343663
40004 1574343664
40002 1574343665
40005 1574343666
40002 1574343667
40005 1574343668
40002 1574343669
40002 1574343670
40007 1574343671
40003 1574343672
40004 1574343673
40001 1574343674
40003 1574343675
40007 1574343676
40003 1574343677
40003 1574343678
40004 1574343679
40005 1574343680
40004 1574343681
40006 1574343682
40002 1574343683
40005 1574343684
40003 1574343685
40004 1574343686
40007 1574343687
40004 1574343688
280 1574343689
40005 1574343689
40003 1574343690
40005 1574343691
40003 1574343692
40007 1574343693
40006 1574343694
40004 1574343695
40005 1574343696
40006 1574343697
40004 1574343698
40006 1574343699
40003 1574343700
2580 1574343701
40008 1574343701
40005 1574343702
40005 1574343703
40000 1574343704
40003 1574343705
40004 1574343707
40001 1574343708
40002 1574343709
40003 1574343710
40004 1574343711
40001 1574343712
40003 1574343713
40005 1574343714
40003 1574343715
40002 1574343716
40001 1574343717
40001 1574343718
40004 1574343719
40004 1574343720
40002 1574343721
40005 1574343722
40002 1574343723
40006 1574343724
40007 1574343725
40006 1574343726
40002 1574343727
40004 1574343728
40002 1574343729
40002 1574343730
40006 1574343731
40004 1574343732
40005 1574343733
40007 1574343734
40008 1574343735
40003 1574343736
40008 1574343737
40007 1574343738
40007 1574343739
40005 1574343740
40006 1574343741
40008 1574343742
40003 1574343743
40001 1574343744
40003 1574343745
40006 1574343746
40006 1574343747
40004 1574343748
40008 1574343749
40004 1574343750
40005 1574343751
40003 1574343752
40001 1574343753
40005 1574343754
40001 1574343755
40001 1574343756
40001 1574343757
40001 1574343758
40004 1574343759
40004 1574343760
40004 1574343761
40004 1574343762
40003 1574343763
40004 1574343764
40006 1574343765
40000 1574343766
40003 1574343767
40009 1574343768
40005 1574343769
40002 1574343770
40004 1574343771
40007 1574343772
40005 1574343773
40007 1574343774
40002 1574343775
40004 1574343776
40007 1574343777
40006 1574343779
40005 1574343780
40003 1574343781
40005 1574343782
40005 1574343783
40005 1574343784
40000 1574343785
40002 1574343786
40005 1574343787
40006 1574343788
40006 1574343789
4680 1574343789
40007 1574343790
40001 1574343791
40006 1574343792
40003 1574343793
40004 1574343794
40006 1574343795
40007 1574343796
40002 1574343797
40003 1574343798
40004 1574343799
40006 1574343800
40004 1574343801
40008 1574343802
40003 1574343803
40006 1574343804
40005 1574343805
40002 1574343806
40002 1574343807
40005 1574343808
40004 1574343809
40005 1574343810
40002 1574343811
40002 1574343812
40004 1574343813
40002 1574343814
40006 1574343815
40002 1574343816
40006 1574343817
40006 1574343818
40005 1574343819
40009 1574343820
40002 1574343821
40004 1574343822
40004 1574343823
40006 1574343824
40006 1574343825
40001 1574343826
40005 1574343827
40000 1574343828
40006 1574343829
40005 1574343830
40003 1574343831
40010 1574343832
40007 1574343833
40003 1574343834
40003 1574343835
40002 1574343836
40010 1574343837
40009 1574343838
40005 1574343839
40004 1574343840
40005 1574343841
40005 1574343842
680 1574343843
40006 1574343843
40004 1574343844
40004 1574343845
40008 1574343846
40003 1574343847
40002 1574343848
40007 1574343849
40004 1574343850
40006 1574343852
6820 1574343852
40006 1574343853
40005 1574343854
40004 1574343855
40007 1574343856
40004 1574343857
40003 1574343858
40006 1574343859
40004 1574343860
40002 1574343861
40006 1574343862
40004 1574343863
40004 1574343864
40007 1574343865
40003 1574343866
40001 1574343867
40008 1574343868
40003 1574343869
40001 1574343870
40004 1574343871
40007 1574343872
40006 1574343873
40005 1574343874
40004 1574343875
40005 1574343876
40003 1574343877
40006 1574343878
40004 1574343879
40004 1574343880
40003 1574343881
40004 1574343882
40003 1574343883
40008 1574343884
40008 1574343885
40005 1574343886
40003 1574343887
40003 1574343888
40005 1574343889
40003 1574343890
40009 1574343891
40002 1574343892
40002 1574343893
40004 1574343894
40003 1574343895
40007 1574343896
40006 1574343897
40004 1574343898
40002 1574343899
40005 1574343900
40005 1574343901
40003 1574343902
40004 1574343903
40005 1574343904
40007 1574343905
40003 1574343906
40003 1574343907
40003 1574343908
40004 1574343909
40008 1574343910
40006 1574343911
40008 1574343912
40004 1574343913
40006 1574343914
40005 1574343915
40008 1574343916
40004 1574343917
6200 1574343917
40007 1574343918
40004 1574343919
40002 1574343920
40004 1574343921
40006 1574343922
40003 1574343924
40004 1574343925
40003 1574343926
40003 1574343927
40003 1574343928
40003 1574343929
40004 1574343930
40006 1574343931
40008 1574343932
40004 1574343933
40002 1574343934
40001 1574343935
40003 1574343936
40007 1574343937
40005 1574343938
40002 1574343939
40008 1574343940
40004 1574343941
40004 1574343942
40004 1574343943
40002 1574343944
40010 1574343945
40008 1574343946
3480 1574343947
40003 1574343947
40002 1574343948
40007 1574343949
40002 1574343950
40006 1574343951
40002 1574343952
40001 1574343953
40007 1574343954
40001 1574343955
40002 1574343956
40003 1574343957
40004 1574343958
40004 1574343959
40002 1574343960
40004 1574343961
40004 1574343962
40004 1574343963
40005 1574343964
1840 1574343965
40003 1574343965
440 1574343966
40004 1574343966
40006 1574343967
40003 1574343968
40008 1574343969
40003 1574343970
40004 1574343971
40001 1574343972
40003 1574343973
40006 1574343974
40005 1574343975
40007 1574343976
40001 1574343977
40007 1574343978
40005 1574343979
40006 1574343980
40003 1574343981
40006 1574343982
40008 1574343983
40003 1574343984
40003 1574343985
40005 1574343986
40002 1574343987
40006 1574343988
40002 1574343989
40003 1574343990
40004 1574343991
40006 1574343992
40005 1574343993
40003 1574343994
40004 1574343995
40004 1574343997
40000 1574343998
40010 1574343999
40003 1574344000
40005 1574344001
40003 1574344002
40004 1574344003
40005 1574344004
40002 1574344005
40003 1574344006
40002 1574344007
40005 1574344008
40005 1574344009
40005 1574344010
40003 1574344011
40005 1574344012
40008 1574344013
40003 1574344014
4560 1574344014
40002 1574344015
40005 1574344016
40001 1574344017
40003 1574344018
40006 1574344019
40001 1574344020
40006 1574344021
40004 1574344022
40003 1574344023
40004 1574344024
40008 1574344025
40006 1574344026
40007 1574344027
40004 1574344028
40004 1574344029
40007 1574344030
40005 1574344031
40005 1574344032
40006 1574344033
40005 1574344034
40006 1574344035
40004 1574344036
40002 1574344037
40002 1574344038
2280 1574344038
40004 1574344039
40007 1574344040
40004 1574344041
40005 1574344042
40004 1574344043
40004 1574344044
40004 1574344045
40009 1574344046
40001 1574344047
40004 1574344048
40005 1574344049
40005 1574344050
40004 1574344051
40006 1574344052
40005 1574344053
40005 1574344054
40002 1574344055
40002 1574344056
40001 1574344057
40002 1574344058
40003 1574344059
40004 1574344060
40005 1574344061
40005 1574344062
40002 1574344063
40002 1574344064
40004 1574344065
40003 1574344066
40002 1574344067
40007 1574344069
40005 1574344070
40003 1574344071
40006 1574344072
40005 1574344073
40007 1574344074
40006 1574344075
40002 1574344076
40000 1574344077
40004 1574344078
40002 1574344079
40001 1574344080
40008 1574344081
40004 1574344082
40008 1574344083
40009 1574344084
40003 1574344085
40001 1574344086
40001 1574344087
40002 1574344088
40001 1574344089
40009 1574344090
40003 1574344091
40002 1574344092
40001 1574344093
40003 1574344094
40005 1574344095
40005 1574344096
40004 1574344097
40002 1574344098
40002 1574344099
40005 1574344100
40004 1574344101
40003 1574344102
40005 1574344103
40007 1574344104
40005 1574344105
40001 1574344106
40003 1574344107
40007 1574344108
40005 1574344109
40005 1574344110
40002 1574344111
40004 1574344112
40005 1574344113
40003 1574344114
3380 1574344115
40007 1574344115
40002 1574344116
40009 1574344117
40002 1574344118
40004 1574344119
40002 1574344120
40003 1574344121
40006 1574344122
40008 1574344123
40003 1574344124
40003 1574344125
40005 1574344126
40001 1574344127
40007 1574344128
40007 1574344129
40003 1574344130
40010 1574344131
40004 1574344132
40006 1574344133
40005 1574344134
40005 1574344135
40005 1574344136
40005 1574344137
40006 1574344138
40003 1574344139
40004 1574344141
40004 1574344142
40005 1574344143
40003 1574344144
40005 1574344145
40005 1574344146
40005 1574344147
40003 1574344148
40003 1574344149
40009 1574344150
40004 1574344151
40002 1574344152
40001 1574344153
40007 1574344154
40005 1574344155
40007 1574344156
40005 1574344157
40003 1574344158
40006 1574344159
40005 1574344160
40008 1574344161
40007 1574344162
40004 1574344163
40005 1574344164
40004 1574344165
40005 1574344166
40008 1574344167
40002 1574344168
40000 1574344169
40005 1574344170
40003 1574344171
40005 1574344172
40003 1574344173
40005 1574344174
40004 1574344175
40004 1574344176
40001 1574344177
40005 1574344178
40003 1574344179
40001 1574344180
40003 1574344181
40002 1574344182
40003 1574344183
40004 1574344184
40002 1574344185
40003 1574344186
40005 1574344187
40004 1574344188
40008 1574344189
40005 1574344190
40005 1574344191
40006 1574344192
40007 1574344193
40005 1574344194
40002 1574344195
40006 1574344196
40003 1574344197
40003 1574344198
40005 1574344199
40008 1574344200
40006 1574344201
40002 1574344202
40005 1574344203
40002 1574344204
40002 1574344205
40002 1574344206
40002 1574344207
40006 1574344208
40006 1574344209
40004 1574344210
40003 1574344211
40002 1574344212
40006 1574344214
40005 1574344215
40003 1574344216
40008 1574344217
40004 1574344218
40004 1574344219
40003 1574344220
40000 1574344221
40004 1574344222
40004 1574344223
40003 1574344224
40004 1574344225
40007 1574344226
40004 1574344227
40006 1574344228
40001 1574344229
40004 1574344230
40004 1574344231
40006 1574344232
40006 1574344233
40005 1574344234
40003 1574344235
40007 1574344236
40001 1574344237
3220 1574344237
40006 1574344238
40008 1574344239
40009 1574344240
40002 1574344241
40005 1574344242
40009 1574344243
40003 1574344244
40003 1574344245
40004 1574344246
40003 1574344247
40004 1574344248
40006 1574344249
40003 1574344250
1000 1574344251
40001 1574344251
40003 1574344252
1040 1574344252
40004 1574344253
40003 1574344254
40003 1574344255
40003 1574344256
40007 1574344257
40007 1574344258
40005 1574344259
40003 1574344260
40009 1574344261
40001 1574344262
40005 1574344263
40007 1574344264
40006 1574344265
40002 1574344266
40006 1574344267
40003 1574344268
40002 1574344269
40004 1574344270
40006 1574344271
40005 1574344272
40003 1574344273
40002 1574344274
40006 1574344275
40001 1574344276
40005 1574344277
40007 1574344278
40005 1574344279
40002 1574344280
40007 1574344281
40005 1574344282
40004 1574344283
40005 1574344284
40006 1574344286
40009 1574344287
40003 1574344288
40005 1574344289
40007 1574344290
40003 1574344291
40003 1574344292
40003 1574344293
40007 1574344294
40006 1574344295
40006 1574344296
40003 1574344297
40002 1574344298
40004 1574344299
40009 1574344300
40010 1574344301
40007 1574344302
40005 1574344303
40005 1574344304
40004 1574344305
40007 1574344306
40006 1574344307
40005 1574344308
40003 1574344309
40006 1574344310
40006 1574344311
40008 1574344312
40004 1574344313
1160 1574344313
40005 1574344314
40005 1574344315
40003 1574344316
40001 1574344317
40004 1574344318
40005 1574344319
40008 1574344320
40006 1574344321
40006 1574344322
40003 1574344323
40002 1574344324
40003 1574344325
40005 1574344326
40002 1574344327
40004 1574344328
40007 1574344329
40008 1574344330
40004 1574344331
40004 1574344332
40003 1574344333
40008 1574344334
40008 1574344335
40004 1574344336
40006 1574344337
40010 1574344338
40004 1574344339
40006 1574344340
40004 1574344341
40000 1574344342
40004 1574344343
40001 1574344344
40006 1574344345
40002 1574344346
40006 1574344347
40005 1574344348
40003 1574344349
40002 1574344350
40003 1574344351
40004 1574344352
40003 1574344353
40007 1574344354
40006 1574344355
40002 1574344356
260 1574344357
40007 1574344357
40008 1574344358
40006 1574344360
40003 1574344361
40001 1574344362
40002 1574344363
40006 1574344364
40004 1574344365
40004 1574344366
40008 1574344367
40004 1574344368
40003 1574344369
40005 1574344370
40004 1574344371
40005 1574344372
40006 1574344373
40002 1574344374
40005 1574344375
40003 1574344376
3740 1574344376
40005 1574344377
40007 1574344378
40003 1574344379
40002 1574344380
40004 1574344381
40003 1574344382
40004 1574344383
40004 1574344384
40006 1574344385
40005 1574344386
40005 1574344387
40003 1574344388
40004 1574344389
40004 1574344390
40002 1574344391
40007 1574344392
40003 1574344393
40002 1574344394
40007 1574344395
40005 1574344396
40004 1574344397
40002 1574344398
40003 1574344399
40002 1574344400
40007 1574344401
40002 1574344402
40006 1574344403
40004 1574344404
40003 1574344405
40005 1574344406
40003 1574344407
40004 1574344408
40004 1574344409
40002 1574344410
40007 1574344411
40005 1574344412
40002 1574344413
40003 1574344414
40009 1574344415
40010 1574344416
40009 1574344417
40002 1574344418
40001 1574344419
40003 1574344420
40002 1574344421
40004 1574344422
40006 1574344423
40005 1574344424
40006 1574344425
40002 1574344426
40003 1574344427
40004 1574344428
40006 1574344429
40007 1574344430
40003 1574344431
40003 1574344433
40004 1574344434
40007 1574344435
40005 1574344436
40008 1574344437
40007 1574344438
40004 1574344439
40002 1574344440
40004 1574344441
40008 1574344442
40004 1574344443
420 1574344443
40006 1574344444
40004 1574344445
40007 1574344446
40002 1574344447
40005 1574344448
40007 1574344449
40007 1574344450
40004 1574344451
40002 1574344452
40002 1574344453
40002 1574344454
40004 1574344455
40002 1574344456
40005 1574344457
40002 1574344458
220 1574344459
40006 1574344459
40005 1574344460
40005 1574344461
40005 1574344462
40007 1574344463
40006 1574344464
40004 1574344465
40003 1574344466
40006 1574344467
40006 1574344468
40005 1574344469
40008 1574344470
40004 1574344471
40006 1574344472
40005 1574344473
40008 1574344474
40005 1574344475
40007 1574344476
40003 1574344477
40001 1574344478
40003 1574344479
40008 1574344480
40002 1574344481
40005 1574344482
40003 1574344483
40006 1574344484
40007 1574344485
40001 1574344486
40002 1574344487
40006 1574344488
40005 1574344489
40005 1574344490
40007 1574344491
40002 1574344492
40002 1574344493
40006 1574344494
40002 1574344495
40003 1574344496
40003 1574344497
40002 1574344498
40006 1574344499
40007 1574344500
40007 1574344501
40003 1574344502
40005 1574344503
40002 1574344504
40006 1574344506
40004 1574344507
40004 1574344508
40007 1574344509
40003 1574344510
40002 1574344511
40009 1574344512
40006 1574344513
40003 1574344514
40002 1574344515
40001 1574344516
40003 1574344517
40003 1574344518
40006 1574344519
40006 1574344520
40001 1574344521
40006 1574344522
40005 1574344523
660 1574344523
40005 1574344524
40002 1574344525
40006 1574344526
40006 1574344527
40003 1574344528
40004 1574344529
40002 1574344530
40005 1574344531
40004 1574344532
40005 1574344533
40004 1574344534
40005 1574344535
40003 1574344536
40004 1574344537
40006 1574344538
40003 1574344539
40001 1574344540
40005 1574344541
40003 1574344542
40004 1574344543
40003 1574344544
40003 1574344545
40003 1574344546
40006 1574344547
40001 1574344548
40006 1574344549
40007 1574344550
40004 1574344551
40004 1574344552
40003 1574344553
40005 1574344554
40002 1574344555
40004 1574344556
40005 1574344557
40010 1574344558
40005 1574344559
40003 1574344560
40005 1574344561
40005 1574344562
40004 1574344563
40004 1574344564
40005 1574344565
40001 1574344566
40002 1574344567
40001 1574344568
40006 1574344569
40002 1574344570
40002 1574344571
40003 1574344572
40010 1574344573
40006 1574344574
40002 1574344575
40004 1574344576
40007 1574344578
40003 1574344579
40004 1574344580
40003 1574344581
40003 1574344582
40001 1574344583
40004 1574344584
40004 1574344585
40006 1574344586
40000 1574344587
40007 1574344588
40003 1574344589
40004 1574344590
40003 1574344591
40007 1574344592
40004 1574344593
40007 1574344594
4240 1574344594
40008 1574344595
40008 1574344596
40004 1574344597
40007 1574344598
40007 1574344599
40003 1574344600
40002 1574344601
40005 1574344602
40006 1574344603
40003 1574344604
40003 1574344605
40004 1574344606
40007 1574344607
40003 1574344608
40001 1574344609
40008 1574344610
40004 1574344611
40005 1574344612
40004 1574344613
40005 1574344614
40005 1574344615
40001 1574344616
40003 1574344617
40001 1574344618
40003 1574344619
40012 1574344620
40004 1574344621
40003 1574344622
40001 1574344623
40001 1574344624
40003 1574344625
40006 1574344626
40004 1574344627
40006 1574344628
40005 1574344629
40002 1574344630
40011 1574344631
40005 1574344632
40004 1574344633
40003 1574344634
40009 1574344635
40003 1574344636
40002 1574344637
40006 1574344638
40003 1574344639
40004 1574344640
40003 1574344641
40002 1574344642
40000 1574344643
40006 1574344644
40008 1574344645
40002 1574344646
40002 1574344647
40003 1574344648
40007 1574344649
40005 1574344650
40005 1574344652
40008 1574344653
40005 1574344654
1840 1574344654
40006 1574344655
40003 1574344656
40007 1574344657
40001 1574344658
40008 1574344659
40007 1574344660
40005 1574344661
40003 1574344662
40002 1574344663
40008 1574344664
40003 1574344665
40002 1574344666
40002 1574344667
40005 1574344668
40005 1574344669
40005 1574344670
40005 1574344671
40004 1574344672
40009 1574344673
40003 1574344674
40004 1574344675
40002 1574344676
40005 1574344677
40005 1574344678
40003 1574344679
40005 1574344680
40004 1574344681
40006 1574344682
40006 1574344683
40000 1574344684
40004 1574344685
40004 1574344686
40003 1574344687
40003 1574344688
40003 1574344689
40003 1574344690
40002 1574344691
40009 1574344692
40002 1574344693
40009 1574344694
40003 1574344695
40005 1574344696
40006 1574344697
40002 1574344698
40007 1574344699
40006 1574344700
40003 1574344701
40008 1574344702
40001 1574344703
40003 1574344704
40004 1574344705
40005 1574344706
40005 1574344707
40006 1574344708
40004 1574344709
40005 1574344710
40002 1574344711
40008 1574344712
5420 1574344713
40002 1574344713
40003 1574344714
40001 1574344715
40010 1574344716
40003 1574344717
40005 1574344718
40004 1574344719
40001 1574344720
40010 1574344721
40007 1574344722
40008 1574344724
40005 1574344725
40003 1574344726
40004 1574344727
40009 1574344728
40003 1574344729
40007 1574344730
40004 1574344731
40004 1574344732
40004 1574344733
40004 1574344734
40007 1574344735
40001 1574344736
40002 1574344737
40003 1574344738
40002 1574344739
40008 1574344740
40005 1574344741
40006 1574344742
40003 1574344743
40003 1574344744
40002 1574344745
40004 1574344746
40002 1574344747
40003 1574344748
40004 1574344749
40002 1574344750
40008 1574344751
40002 1574344752
40006 1574344753
40005 1574344754
2520 1574344755
40007 1574344755
40002 1574344756
40006 1574344757
40003 1574344758
40003 1574344759
40008 1574344760
40003 1574344761
40006 1574344762
40003 1574344763
40005 1574344764
40003 1574344765
40000 1574344766
40004 1574344767
40008 1574344768
40002 1574344769
40003 1574344770
40006 1574344771
40002 1574344772
40006 1574344773
40006 1574344774
40005 1574344775
40006 1574344776
40005 1574344777
40002 1574344778
40002 1574344779
40005 1574344780
40006 1574344781
40004 1574344782
40004 1574344783
40001 1574344784
40004 1574344785
40008 1574344786
40000 1574344787
40006 1574344788
40004 1574344789
40005 1574344790
40001 1574344791
40007 1574344792
40005 1574344793
40005 1574344794
40002 1574344795
40004 1574344797
40004 1574344798
40003 1574344799
40002 1574344800
3220 1574344800
40004 1574344801
40005 1574344802
40008 1574344803
40007 1574344804
40004 1574344805
40006 1574344806
40004 1574344807
40003 1574344808
40005 1574344809
40001 1574344810
40005 1574344811
40002 1574344812
40003 1574344813
40005 1574344814
40006 1574344815
40005 1574344816
40007 1574344817
40002 1574344818
40004 1574344819
40005 1574344820
40003 1574344821
40002 1574344822
40003 1574344823
40000 1574344824
40004 1574344825
40002 1574344826
40001 1574344827
40003 1574344828
40002 1574344829
40004 1574344830
40004 1574344831
40002 1574344832
40004 1574344833
40004 1574344834
40001 1574344835
40002 1574344836
40005 1574344837
40004 1574344838
40002 1574344839
40005 1574344840
40005 1574344841
40005 1574344842
40003 1574344843
40002 1574344844
40006 1574344845
40005 1574344846
40004 1574344847
40005 1574344848
40004 1574344849
40006 1574344850
40005 1574344851
40006 1574344852
40001 1574344853
40003 1574344854
40002 1574344855
40006 1574344856
40003 1574344857
40004 1574344858
40004 1574344859
40003 1574344860
40004 1574344861
40002 1574344862
40004 1574344863
40005 1574344864
360 1574344864
40006 1574344865
40004 1574344866
40006 1574344867
40002 1574344869
40004 1574344870
40004 1574344871
40004 1574344872
40004 1574344873
40004 1574344874
40008 1574344875
40007 1574344876
40003 1574344877
40001 1574344878
40007 1574344879
40002 1574344880
40008 1574344881
40004 1574344882
40006 1574344883
40007 1574344884
40001 1574344885
40014 1574344886
40005 1574344887
40004 1574344888
40004 1574344889
40002 1574344890
40007 1574344891
40006 1574344892
40002 1574344893
40005 1574344894
40003 1574344895
40004 1574344896
40004 1574344897
40001 1574344898
40002 1574344899
1000 1574344900
40005 1574344900
40006 1574344901
40006 1574344902
40003 1574344903
40003 1574344904
40005 1574344905
40006 1574344906
40001 1574344907
40003 1574344908
40000 1574344909
40004 1574344910
40005 1574344911
40004 1574344912
40003 1574344913
40005 1574344914
40002 1574344915
40005 1574344916
40004 1574344917
40005 1574344918
40013 1574344919
40003 1574344920
40006 1574344921
40003 1574344922
40003 1574344923
40004 1574344924
40005 1574344925
40003 1574344926
40006 1574344927
40004 1574344928
40008 1574344929
40005 1574344930
40002 1574344931
40005 1574344932
40007 1574344933
40003 1574344934
40006 1574344935
40004 1574344936
40005 1574344937
40004 1574344938
40003 1574344939
40008 1574344941
40007 1574344942
40005 1574344943
40002 1574344944
40007 1574344945
40007 1574344946
40002 1574344947
40003 1574344948
40003 1574344949
40002 1574344950
40006 1574344951
40006 1574344952
40005 1574344953
40006 1574344954
40003 1574344955
40001 1574344956
40004 1574344957
40002 1574344958
40007 1574344959
40004 1574344960
40003 1574344961
40004 1574344962
2360 1574344962
40005 1574344963
40003 1574344964
40003 1574344965
40006 1574344966
40003 1574344967
40005 1574344968
40006 1574344969
40003 1574344970
40006 1574344971
1920 1574344971
40008 1574344972
40003 1574344973
40005 1574344974
40008 1574344975
40005 1574344976
40003 1574344977
40003 1574344978
40004 1574344979
40004 1574344980
40002 1574344981
40002 1574344982
40001 1574344983
40005 1574344984
40004 1574344985
40003 1574344986
40003 1574344987
40007 1574344988
40003 1574344989
40004 1574344990
40005 1574344991
40002 1574344992
40001 1574344993
40002 1574344994
40003 1574344995
40005 1574344996
40002 1574344997
40003 1574344998
40002 1574344999
40007 1574345000
40005 1574345001
40002 1574345002
40006 1574345003
40004 1574345004
40001 1574345005
40003 1574345006
40005 1574345007
40008 1574345008
40006 1574345009
40003 1574345010
40004 1574345011
40004 1574345012
40005 1574345014
40004 1574345015
40002 1574345016
40007 1574345017
40002 1574345018
40002 1574345019
40003 1574345020
40001 1574345021
40005 1574345022
40007 1574345023
40003 1574345024
40004 1574345025
40005 1574345026
40004 1574345027
40002 1574345028
40005 1574345029
40005 1574345030
40002 1574345031
40005 1574345032
40001 1574345033
2220 1574345034
40005 1574345034
40005 1574345035
40005 1574345036
40004 1574345037
40005 1574345038
40003 1574345039
40009 1574345040
40005 1574345041
40007 1574345042
40009 1574345043
40005 1574345044
40003 1574345045
40003 1574345046
40002 1574345047
40004 1574345048
40003 1574345049
40006 1574345050
40005 1574345051
40004 1574345052
40004 1574345053
40005 1574345054
40004 1574345055
40003 1574345056
40000 1574345057
40006 1574345058
40007 1574345059
40005 1574345060
40005 1574345061
40003 1574345062
40003 1574345063
40002 1574345064
40007 1574345065
40004 1574345066
40006 1574345067
40003 1574345068
40006 1574345069
40003 1574345070
40002 1574345071
40005 1574345072
40006 1574345073
40005 1574345074
40003 1574345075
40003 1574345076
40007 1574345077
40003 1574345078
40002 1574345079
40003 1574345080
40003 1574345081
40004 1574345082
40006 1574345083
40004 1574345084
40007 1574345086
40001 1574345087
40007 1574345088
40004 1574345089
40001 1574345090
40006 1574345091
40007 1574345092
40003 1574345093
40008 1574345094
40008 1574345095
40007 1574345096
40003 1574345097
6420 1574345097
40004 1574345098
40005 1574345099
40005 1574345100
40008 1574345101
40008 1574345102
40005 1574345103
40006 1574345104
40003 1574345105
40006 1574345106
40004 1574345107
40003 1574345108
40005 1574345109
40005 1574345110
40011 1574345111
40001 1574345112
40007 1574345113
40002 1574345114
40003 1574345115
40004 1574345116
40005 1574345117
40004 1574345118
40004 1574345119
40005 1574345120
40005 1574345121
40006 1574345122
40002 1574345123
40007 1574345124
40004 1574345125
40004 1574345126
40006 1574345127
40004 1574345128
40006 1574345129
40003 1574345130
40005 1574345131
40004 1574345132
40003 1574345133
40005 1574345134
40004 1574345135
40004 1574345136
40004 1574345137
40002 1574345138
40004 1574345139
40006 1574345140
40006 1574345141
40007 1574345142
40003 1574345143
40004 1574345144
40003 1574345145
40000 1574345146
40000 1574345147
40000 1574345148
40000 1574345149
40000 1574345150
40000 1574345151
40000 1574345152
40000 1574345153
40000 1574345154
40000 1574345155
40000 1574345156
40000 1574345157
40000 1574345158
40000 1574345159
40000 1574345161
40000 1574345162
40000 1574345163
40000 1574345164
40000 1574345165
40000 1574345166
40000 1574345167
40000 1574345168
40000 1574345169
40000 1574345170
40000 1574345171
40000 1574345172
40000 1574345173
40000 1574345174
40000 1574345175
40000 1574345176
40000 1574345177
40000 1574345178
40000 1574345179
40000 1574345180
40000 1574345181
40000 1574345182
40000 1574345183
40000 1574345184
40000 1574345185
40000 1574345186
40000 1574345187
40000 1574345188
40000 1574345189
40000 1574345190
40000 1574345191
40000 1574345192
40000 1574345193
40000 1574345194
40000 1574345195
40000 1574345196
40000 1574345197
40000 1574345198
40000 1574345199
40000 1574345200
40000 1574345201
40000 1574345202
40000 1574345203
40000 1574345204
40000 1574345205
40000 1574345206
40000 1574345207
40000 1574345208
40000 1574345209
40000 1574345210
40000 1574345211
40000 1574345212
40000 1574345213
40000 1574345214
40000 1574345215
40000 1574345216
40000 1574345217
40000 1574345218
40000 1574345219
40000 1574345220
40000 1574345221
40000 1574345222
40000 1574345223
40000 1574345224
40000 1574345225
40000 1574345226
40000 1574345227
40000 1574345228
40000 1574345229
40000 1574345230
40000 1574345231
40000 1574345233
40000 1574345234
40000 1574345235
40000 1574345236
40000 1574345237
40000 1574345238
40000 1574345239
40000 1574345240
40000 1574345241
40000 1574345242
40000 1574345243
40000 1574345244
40000 1574345245
40000 1574345246
40000 1574345247
40000 1574345248
40000 1574345249
40000 1574345250
40000 1574345251
40000 1574345252
40000 1574345253
40000 1574345254
40000 1574345255
40000 1574345256
40000 1574345257
40000 1574345258
40000 1574345259
40000 1574345260
40000 1574345261
40000 1574345262
40000 1574345263
40000 1574345264
40000 1574345265
40000 1574345266
40000 1574345267
40000 1574345268
40000 1574345269
40000 1574345270
40000 1574345271
40000 1574345272
40000 1574345273
40000 1574345274
40000 1574345275
40000 1574345276
40000 1574345277
40000 1574345278
40000 1574345279
40000 1574345280
40000 1574345281
40000 1574345282
40000 1574345283
40000 1574345284
40000 1574345285
40000 1574345286
40000 1574345287
40000 1574345288
40000 1574345289
40000 1574345290
40000 1574345291
40000 1574345292
40000 1574345293
40000 1574345294
40000 1574345295
40000 1574345296
40000 1574345297
40000 1574345298
40000 1574345299
40000 1574345300
40000 1574345301
40000 1574345302
40000 1574345303
40000 1574345304
40000 1574345306
40000 1574345307
40000 1574345308
40000 1574345309
40000 1574345310
40000 1574345311
40000 1574345312
40000 1574345313
40000 1574345314
40000 1574345315
40000 1574345316
40000 1574345317
40000 1574345318
40000 1574345319
40000 1574345320
40000 1574345321
40000 1574345322
40000 1574345323
40000 1574345324
40000 1574345325
40000 1574345326
40000 1574345327
40000 1574345328
40000 1574345329
40000 1574345330
40000 1574345331
40000 1574345332
40000 1574345333
40000 1574345334
40000 1574345335
40000 1574345336
40000 1574345337
40000 1574345338
40000 1574345339
40000 1574345340
40000 1574345341
40000 1574345342
40000 1574345343
40000 1574345344
40000 1574345345
40000 1574345346
40000 1574345347
40000 1574345348
40000 1574345349
40000 1574345350
40000 1574345351
40000 1574345352
40000 1574345353
40000 1574345354
40000 1574345355
40000 1574345356
40000 1574345357
40000 1574345358
40000 1574345359
40000 1574345360
40000 1574345361
40000 1574345362
40000 1574345363
40000 1574345364
40000 1574345365
40000 1574345366
40000 1574345367
40000 1574345368
40000 1574345369
40000 1574345370
40000 1574345371
40000 1574345372
40000 1574345373
40000 1574345374
40000 1574345375
40000 1574345376
40000 1574345378
40000 1574345379
40000 1574345380
40000 1574345381
40000 1574345382
40000 1574345383
40000 1574345384
40000 1574345385
40000 1574345386
40000 1574345387
40000 1574345388
40000 1574345389
40000 1574345390
40000 1574345391
40000 1574345392
40000 1574345393
40000 1574345394
40000 1574345395
40000 1574345396
40000 1574345397
40000 1574345398
40000 1574345399
40000 1574345400
40000 1574345401
40000 1574345402
40000 1574345403
40000 1574345404
40000 1574345405
40000 1574345406
40000 1574345407
40000 1574345408
40000 1574345409
40000 1574345410
40000 1574345411
40000 1574345412
40000 1574345413
40000 1574345414
40000 1574345415
40000 1574345416
40000 1574345417
40000 1574345418
40000 1574345419
40000 1574345420
40000 1574345421
40000 1574345422
40000 1574345423
40000 1574345424
40000 1574345425
40000 1574345426
40000 1574345427
40000 1574345428
40000 1574345429
40000 1574345430
40000 1574345431
40000 1574345432
40000 1574345433
40000 1574345434
40000 1574345435
40000 1574345436
40000 1574345437
40000 1574345438
40000 1574345439
40000 1574345440
40000 1574345441
40000 1574345442
40000 1574345443
40000 1574345444
40000 1574345445
40000 1574345446
40000 1574345447
40000 1574345448
40000 1574345449
40000 1574345451
40000 1574345452
40000 1574345453
40000 1574345454
40000 1574345455
40000 1574345456
40000 1574345457
40000 1574345458
40000 1574345459
40000 1574345460
40000 1574345461
40000 1574345462
40000 1574345463
40000 1574345464
40000 1574345465
40000 1574345466
40000 1574345467
40000 1574345468
40000 1574345469
40000 1574345470
40000 1574345471
40000 1574345472
40000 1574345473
40000 1574345474
40000 1574345475
40000 1574345476
40000 1574345477
40000 1574345478
40000 1574345479
40000 1574345480
40000 1574345481
40000 1574345482
40000 1574345483
40000 1574345484
40000 1574345485
40000 1574345486
40000 1574345487
40000 1574345488
40000 1574345489
40000 1574345490
40000 1574345491
40000 1574345492
40000 1574345493
40000 1574345494
40000 1574345495
40000 1574345496
40000 1574345497
40000 1574345498
40000 1574345499
40000 1574345500
40000 1574345501
40000 1574345502
40000 1574345503
40000 1574345504
40000 1574345505
40000 1574345506
40000 1574345507
40000 1574345508
40000 1574345509
40000 1574345510
40000 1574345511
40000 1574345512
40000 1574345513
40000 1574345514
40000 1574345515
